================================================================================
separable_conv2d (SeparableConv2D) [12 x 12 x 8]:

DIM 1/8 [12 x 12]:
   0.437853  0.437853  0.437853  0.437853  0.437853  0.437853  0.437853  0.437853  0.437853  0.437853  0.437853  0.437853 
   0.437853  0.556011  0.686346  0.553677  0.413646  0.417943  0.437853  0.437853  0.437853  0.437853  0.437853  0.437853 
   0.437853  0.657596  0.800927  0.726844  0.917073  0.991387  1.029184  1.012275  0.888813  0.512771  0.310096  0.437853 
   0.437853  0.066448  0.000000  0.000000  0.000000  0.000000  0.000000  0.000000  0.074763  0.014482  0.153318  0.437853 
   0.437853  0.000000  0.000000  0.000000  0.000000  0.000000  0.000000  0.000000  0.000000  0.000000  0.000000  0.437853 
   0.437853  0.437853  0.437853  0.425008  0.368367  0.285017  0.495426  0.037165  0.000000  0.000000  0.091548  0.437853 
   0.437853  0.437853  0.437853  0.437853  0.437853  0.497152  0.592751  0.000000  0.000000  0.000000  0.370190  0.437853 
   0.437853  0.437853  0.437853  0.437853  0.446199  0.763076  0.150441  0.000000  0.000000  0.151873  0.437853  0.437853 
   0.437853  0.437853  0.437853  0.437853  0.651737  0.682293  0.000000  0.000000  0.000000  0.406952  0.437853  0.437853 
   0.437853  0.437853  0.437853  0.509890  0.797627  0.000000  0.000000  0.000000  0.181926  0.437853  0.437853  0.437853 
   0.437853  0.437853  0.437853  0.693693  0.439840  0.000000  0.000000  0.000000  0.419206  0.437853  0.437853  0.437853 
   0.437853  0.437853  0.437853  0.305133  0.000000  0.000000  0.000000  0.324033  0.437853  0.437853  0.437853  0.437853 

DIM 2/8 [12 x 12]:
   0.000000  0.000000  0.000000  0.000000  0.000000  0.000000  0.000000  0.000000  0.000000  0.000000  0.000000  0.000000 
   0.000000  0.000000  0.000000  0.000000  0.019839  0.016112  0.000000  0.000000  0.000000  0.000000  0.000000  0.000000 
   0.000000  0.000000  0.000000  0.000000  0.000000  0.000000  0.000000  0.000000  0.000000  0.000000  0.109669  0.000000 
   0.000000  0.321035  0.769954  0.975781  0.893463  0.755762  0.715825  0.550710  0.313822  0.366115  0.245675  0.000000 
   0.000000  0.429507  0.756725  1.206422  1.326529  1.472880  1.457955  1.197692  1.268482  1.214338  0.440973  0.000000 
   0.000000  0.000000  0.000000  0.009983  0.059119  0.131425  0.000000  0.346438  1.151400  0.915691  0.299261  0.000000 
   0.000000  0.000000  0.000000  0.000000  0.000000  0.000000  0.000000  0.810353  1.126127  0.637248  0.057537  0.000000 
   0.000000  0.000000  0.000000  0.000000  0.000000  0.000000  0.248171  1.064663  0.867012  0.246929  0.000000  0.000000 
   0.000000  0.000000  0.000000  0.000000  0.000000  0.000000  0.889308  1.029031  0.548916  0.025646  0.000000  0.000000 
   0.000000  0.000000  0.000000  0.000000  0.000000  0.539138  1.273595  0.812546  0.220857  0.000000  0.000000  0.000000 
   0.000000  0.000000  0.000000  0.000000  0.000000  0.996877  1.066027  0.441647  0.015016  0.000000  0.000000  0.000000 
   0.000000  0.000000  0.000000  0.113975  1.016062  1.233961  0.837992  0.097579  0.000000  0.000000  0.000000  0.000000 

DIM 3/8 [12 x 12]:
   0.703891  0.703891  0.703891  0.703891  0.703891  0.703891  0.703891  0.703891  0.703891  0.703891  0.703891  0.703891 
   0.703891  0.457750  0.186244  0.462614  0.754318  0.745367  0.703891  0.703891  0.703891  0.703891  0.703891  0.703891 
   0.703891  0.246134  0.000000  0.101880  0.000000  0.000000  0.000000  0.000000  0.000000  0.547827  0.970028  0.703891 
   0.703891  1.477582  2.555580  3.049834  2.852161  2.521500  2.425597  2.029105  1.460261  1.585835  1.296620  0.703891 
   0.703891  1.738059  2.523812  3.603674  3.892090  4.243524  4.207685  3.582712  3.752702  3.622684  1.765591  0.703891 
   0.703891  0.703891  0.703891  0.730650  0.848641  1.022270  0.583958  1.538583  3.471551  2.905539  1.425296  0.703891 
   0.703891  0.703891  0.703891  0.703891  0.703891  0.580363  0.381217  2.652589  3.410862  2.236909  0.844843  0.703891 
   0.703891  0.703891  0.703891  0.703891  0.686505  0.026405  1.302613  3.263266  2.788646  1.299631  0.703891  0.703891 
   0.703891  0.703891  0.703891  0.703891  0.258340  0.194688  2.842184  3.177703  2.024796  0.768263  0.703891  0.703891 
   0.703891  0.703891  0.703891  0.553827  0.000000  2.001316  3.764980  2.657854  1.237025  0.703891  0.703891  0.703891 
   0.703891  0.703891  0.703891  0.170940  0.699752  3.100491  3.266542  1.767211  0.742736  0.703891  0.703891  0.703891 
   0.703891  0.703891  0.703891  0.980367  3.146562  3.669806  2.718958  0.940995  0.703891  0.703891  0.703891  0.703891 

DIM 4/8 [12 x 12]:
   0.510028  0.510028  0.510028  0.510028  0.510028  0.510028  0.510028  0.510028  0.510028  0.510028  0.510028  0.510028 
   0.510028  0.695746  0.900603  0.692076  0.471980  0.478734  0.510028  0.510028  0.510028  0.510028  0.510028  0.510028 
   0.510028  0.855415  1.080698  0.964257  1.263254  1.380059  1.439467  1.412890  1.218836  0.627782  0.309222  0.510028 
   0.510028  0.000000  0.000000  0.000000  0.000000  0.000000  0.000000  0.000000  0.000000  0.000000  0.062801  0.510028 
   0.510028  0.000000  0.000000  0.000000  0.000000  0.000000  0.000000  0.000000  0.000000  0.000000  0.000000  0.510028 
   0.510028  0.510028  0.510028  0.489838  0.400811  0.269804  0.600520  0.000000  0.000000  0.000000  0.000000  0.510028 
   0.510028  0.510028  0.510028  0.510028  0.510028  0.603232  0.753492  0.000000  0.000000  0.000000  0.403677  0.510028 
   0.510028  0.510028  0.510028  0.510028  0.523146  1.021205  0.058279  0.000000  0.000000  0.060530  0.510028  0.510028 
   0.510028  0.510028  0.510028  0.510028  0.846205  0.894232  0.000000  0.000000  0.000000  0.461458  0.510028  0.510028 
   0.510028  0.510028  0.510028  0.623254  1.075511  0.000000  0.000000  0.000000  0.107767  0.510028  0.510028  0.510028 
   0.510028  0.510028  0.510028  0.912150  0.513151  0.000000  0.000000  0.000000  0.480719  0.510028  0.510028  0.510028 
   0.510028  0.510028  0.510028  0.301421  0.000000  0.000000  0.000000  0.331128  0.510028  0.510028  0.510028  0.510028 

DIM 5/8 [12 x 12]:
   0.550792  0.550792  0.550792  0.550792  0.550792  0.550792  0.550792  0.550792  0.550792  0.550792  0.550792  0.550792 
   0.550792  0.757648  0.985822  0.753561  0.508413  0.515935  0.550792  0.550792  0.550792  0.550792  0.550792  0.550792 
   0.550792  0.935491  1.186416  1.056722  1.389750  1.519851  1.586020  1.556418  1.340276  0.681948  0.327130  0.550792 
   0.550792  0.000000  0.000000  0.000000  0.000000  0.000000  0.000000  0.000000  0.000000  0.000000  0.052661  0.550792 
   0.550792  0.000000  0.000000  0.000000  0.000000  0.000000  0.000000  0.000000  0.000000  0.000000  0.000000  0.550792 
   0.550792  0.550792  0.550792  0.528303  0.429143  0.283225  0.651583  0.000000  0.000000  0.000000  0.000000  0.550792 
   0.550792  0.550792  0.550792  0.550792  0.550792  0.654605  0.821967  0.000000  0.000000  0.000000  0.432335  0.550792 
   0.550792  0.550792  0.550792  0.550792  0.565403  1.120152  0.047625  0.000000  0.000000  0.050132  0.550792  0.550792 
   0.550792  0.550792  0.550792  0.550792  0.925233  0.978726  0.000000  0.000000  0.000000  0.496694  0.550792  0.550792 
   0.550792  0.550792  0.550792  0.676905  1.180639  0.000000  0.000000  0.000000  0.102746  0.550792  0.550792  0.550792 
   0.550792  0.550792  0.550792  0.998684  0.554270  0.000000  0.000000  0.000000  0.518146  0.550792  0.550792  0.550792 
   0.550792  0.550792  0.550792  0.318441  0.000000  0.000000  0.000000  0.351529  0.550792  0.550792  0.550792  0.550792 

DIM 6/8 [12 x 12]:
   0.078053  0.078053  0.078053  0.078053  0.078053  0.078053  0.078053  0.078053  0.078053  0.078053  0.078053  0.078053 
   0.078053  0.000000  0.000000  0.000000  0.118664  0.111455  0.078053  0.078053  0.078053  0.078053  0.078053  0.078053 
   0.078053  0.000000  0.000000  0.000000  0.000000  0.000000  0.000000  0.000000  0.000000  0.000000  0.292386  0.078053 
   0.078053  0.701143  1.569306  1.967352  1.808157  1.541860  1.464625  1.145311  0.687194  0.788325  0.555406  0.078053 
   0.078053  0.910918  1.543722  2.413386  2.645661  2.928687  2.899825  2.396504  2.533405  2.428695  0.933090  0.078053 
   0.078053  0.078053  0.078053  0.099603  0.194627  0.334459  0.000000  0.750270  2.306981  1.851145  0.659034  0.078053 
   0.078053  0.078053  0.078053  0.078053  0.078053  0.000000  0.000000  1.647432  2.258106  1.312665  0.191568  0.078053 
   0.078053  0.078053  0.078053  0.078053  0.064051  0.000000  0.560233  2.139239  1.757005  0.557830  0.078053  0.078053 
   0.078053  0.078053  0.078053  0.078053  0.000000  0.000000  1.800122  2.070331  1.141840  0.129894  0.078053  0.078053 
   0.078053  0.078053  0.078053  0.000000  0.000000  1.122931  2.543293  1.651672  0.507411  0.078053  0.078053  0.078053 
   0.078053  0.078053  0.078053  0.000000  0.074719  2.008148  2.141878  0.934395  0.109336  0.078053  0.078053  0.078053 
   0.078053  0.078053  0.078053  0.300712  2.045252  2.466645  1.700882  0.269004  0.078053  0.078053  0.078053  0.078053 

DIM 7/8 [12 x 12]:
   0.262251  0.262251  0.262251  0.262251  0.262251  0.262251  0.262251  0.262251  0.262251  0.262251  0.262251  0.262251 
   0.262251  0.489207  0.739551  0.484722  0.215755  0.224008  0.262251  0.262251  0.262251  0.262251  0.262251  0.262251 
   0.262251  0.684329  0.959635  0.817339  1.182726  1.325468  1.398067  1.365588  1.128445  0.406151  0.016857  0.262251 
   0.262251  0.000000  0.000000  0.000000  0.000000  0.000000  0.000000  0.000000  0.000000  0.000000  0.000000  0.262251 
   0.262251  0.000000  0.000000  0.000000  0.000000  0.000000  0.000000  0.000000  0.000000  0.000000  0.000000  0.262251 
   0.262251  0.262251  0.262251  0.237578  0.128783  0.000000  0.372836  0.000000  0.000000  0.000000  0.000000  0.262251 
   0.262251  0.262251  0.262251  0.262251  0.262251  0.376151  0.559775  0.000000  0.000000  0.000000  0.132285  0.262251 
   0.262251  0.262251  0.262251  0.262251  0.278282  0.886932  0.000000  0.000000  0.000000  0.000000  0.262251  0.262251 
   0.262251  0.262251  0.262251  0.262251  0.673075  0.731766  0.000000  0.000000  0.000000  0.202897  0.262251  0.262251 
   0.262251  0.262251  0.262251  0.400618  0.953297  0.000000  0.000000  0.000000  0.000000  0.262251  0.262251  0.262251 
   0.262251  0.262251  0.262251  0.753662  0.266068  0.000000  0.000000  0.000000  0.226434  0.262251  0.262251  0.262251 
   0.262251  0.262251  0.262251  0.007324  0.000000  0.000000  0.000000  0.043627  0.262251  0.262251  0.262251  0.262251 

DIM 8/8 [12 x 12]:
   0.127093  0.127093  0.127093  0.127093  0.127093  0.127093  0.127093  0.127093  0.127093  0.127093  0.127093  0.127093 
   0.127093  0.018423  0.000000  0.020570  0.149357  0.145405  0.127093  0.127093  0.127093  0.127093  0.127093  0.127093 
   0.127093  0.000000  0.000000  0.000000  0.000000  0.000000  0.000000  0.000000  0.000000  0.058191  0.244592  0.127093 
   0.127093  0.468675  0.944607  1.162819  1.075547  0.929561  0.887221  0.712171  0.461028  0.516469  0.388781  0.127093 
   0.127093  0.583675  0.930582  1.407338  1.534672  1.689829  1.674006  1.398083  1.473133  1.415730  0.595830  0.127093 
   0.127093  0.127093  0.127093  0.138907  0.191000  0.267657  0.074144  0.495607  1.349006  1.099114  0.445591  0.127093 
   0.127093  0.127093  0.127093  0.127093  0.127093  0.072556  0.000000  0.987437  1.322212  0.803916  0.189323  0.127093 
   0.127093  0.127093  0.127093  0.127093  0.119418  0.000000  0.391427  1.257049  1.047505  0.390110  0.127093  0.127093 
   0.127093  0.127093  0.127093  0.127093  0.000000  0.000000  1.071142  1.219273  0.710268  0.155513  0.127093  0.127093 
   0.127093  0.127093  0.127093  0.060841  0.000000  0.699902  1.478554  0.989761  0.362470  0.127093  0.127093  0.127093 
   0.127093  0.127093  0.127093  0.000000  0.125266  1.185184  1.258495  0.596546  0.144243  0.127093  0.127093  0.127093 
   0.127093  0.127093  0.127093  0.249157  1.205524  1.436535  1.016739  0.231774  0.127093  0.127093  0.127093  0.127093 
================================================================================
separable_conv2d_1 (SeparableConv2D) [10 x 10 x 8]:

DIM 1/8 [10 x 10]:
   0.000000  0.000000  0.000000  0.000000  0.000000  0.000000  0.000000  0.000000  0.000000  0.000000 
   0.000000  0.248866  1.228052  1.967473  1.428351  0.846451  0.140532  0.000000  0.000000  0.000000 
   0.000000  0.000000  1.223907  2.056609  1.933867  1.910955  1.889818  1.209451  2.105892  2.641003 
   0.000000  0.000000  0.000000  0.000000  0.000000  0.000000  0.000000  1.678778  3.778084  3.871834 
   0.000000  0.000000  0.000000  0.000000  0.000000  0.000000  0.000000  2.093489  3.930959  2.916169 
   0.000000  0.000000  0.000000  0.000000  0.000000  0.000000  0.000000  2.812673  3.588357  0.991768 
   0.000000  0.000000  0.000000  0.000000  0.000000  0.000000  1.004891  3.465162  2.596691  0.000000 
   0.000000  0.000000  0.000000  0.000000  0.000000  0.000000  3.116966  3.506960  0.604849  0.000000 
   0.000000  0.000000  0.000000  0.000000  0.000000  1.594081  3.628428  2.318351  0.000000  0.000000 
   0.000000  0.000000  0.000000  0.000000  0.000000  3.623902  3.315310  0.000000  0.000000  0.000000 

DIM 2/8 [10 x 10]:
   0.000000  0.563505  0.925328  0.711506  0.931205  1.089671  1.190390  1.198176  1.045853  0.345494 
   0.538086  0.888646  1.262055  1.533293  1.573858  1.316945  0.903807  0.865885  0.800135  0.000000 
   1.416934  1.319115  1.400767  1.302649  1.138676  0.639552  0.337138  1.063107  1.030366  0.041041 
   1.273170  1.557641  1.601340  1.721496  1.336566  1.193635  2.822216  2.967054  1.311361  0.000000 
   0.478211  0.674212  0.769815  0.867319  0.434524  2.347977  4.358996  2.783940  0.920755  0.000000 
   0.169713  0.178904  0.231015  0.210574  0.680008  3.525616  3.104218  1.477016  0.104223  0.032234 
   0.169713  0.169713  0.067316  0.000000  1.885944  3.571543  1.993947  0.569363  0.000000  0.345582 
   0.169713  0.114848  0.000000  0.508852  3.632205  2.915306  1.344188  0.064521  0.116621  0.400981 
   0.169713  0.000000  0.000000  2.090796  3.130613  1.570802  0.382295  0.000000  0.312162  0.211489 
   0.169713  0.014209  1.017728  3.149071  2.832959  1.121279  0.060263  0.281179  0.395974  0.169713 

DIM 3/8 [10 x 10]:
   0.877564  2.625444  3.689447  3.614007  4.305782  4.662755  4.703223  3.926482  1.965715  0.000000 
   0.000000  0.000000  0.000000  0.000000  0.000000  0.000000  0.000000  0.000000  0.000000  0.000000 
   0.000000  0.000000  0.000000  0.000000  0.000000  0.000000  0.000000  0.000000  0.000000  0.000000 
   3.200919  3.366695  3.380135  2.761417  2.678656  1.796512  0.000000  0.000000  0.000000  0.000000 
   2.389409  3.103458  3.249495  3.521765  3.658694  2.128469  0.000000  0.000000  0.000000  0.000000 
   0.000000  0.000000  0.262389  1.281300  0.659981  0.000000  0.000000  0.000000  0.000000  0.000000 
   0.000000  0.000000  0.291472  0.404562  0.000000  0.000000  0.000000  0.000000  0.000000  0.000000 
   0.000000  0.093571  0.452536  0.000000  0.000000  0.000000  0.000000  0.000000  0.000000  0.198539 
   0.000000  0.282205  0.000000  0.000000  0.000000  0.000000  0.000000  0.000000  0.000000  0.008667 
   0.000000  0.000000  0.000000  0.000000  0.000000  0.000000  0.000000  0.000000  0.212705  0.000000 

DIM 4/8 [10 x 10]:
   0.000000  0.000000  0.000000  0.000000  0.000000  0.000000  0.000000  0.000000  0.000000  0.000000 
   3.027438  4.257540  4.794221  5.048699  4.495490  3.889351  2.931337  1.567086  0.598491  0.257982 
   0.045698  1.416786  3.452565  4.971723  5.374895  5.182189  5.265186  4.961474  3.834849  2.212236 
   0.000000  0.000000  0.000000  0.000000  0.000000  0.000000  0.000000  1.237886  2.312573  2.194916 
   0.000000  0.000000  0.000000  0.000000  0.000000  0.000000  0.000000  0.000000  0.832887  0.813684 
   0.000000  0.000000  0.000000  0.000000  0.000000  0.000000  0.000000  0.151636  0.612350  0.323740 
   0.000000  0.000000  0.000000  0.000000  0.000000  0.000000  0.000000  0.412080  0.450349  0.000000 
   0.000000  0.000000  0.000000  0.519732  0.058518  0.000000  0.661548  0.675852  0.279642  0.000000 
   0.000000  0.000000  0.000000  0.000000  0.000000  0.000000  0.622778  0.390845  0.000000  0.000000 
   0.000000  0.161483  2.181597  0.760967  0.000000  0.568344  0.549476  0.000000  0.000000  0.000000 

DIM 5/8 [10 x 10]:
   0.301874  1.256864  1.272349  0.480129  0.533712  0.678219  0.948731  1.597103  2.112028  1.480137 
   2.640179  2.943230  1.820745  1.661490  1.789705  1.888280  1.861754  2.362648  2.103353  0.464119 
   3.742998  3.473087  2.586411  2.655492  2.850637  2.558549  2.279269  2.518734  0.870462  0.000000 
   0.562480  0.414459  0.000000  0.001453  0.000000  0.000000  1.196701  0.627946  0.000000  0.000000 
   0.000000  0.000000  0.000000  0.000000  0.000000  0.976740  2.109449  0.000000  0.000000  0.000000 
   1.228286  1.226668  1.158784  0.338433  1.007763  5.597233  1.802374  0.000000  0.000000  0.000000 
   1.228286  1.228286  0.874331  0.033772  4.240788  4.811842  0.000000  0.000000  0.000000  0.820185 
   1.228286  1.089587  0.149635  1.966961  6.776492  1.435539  0.000000  0.000000  0.000000  1.232650 
   1.228286  0.659861  0.491365  5.555994  4.594491  0.000000  0.000000  0.000000  0.977993  1.229022 
   1.228286  0.951858  3.355444  5.632725  0.793646  0.000000  0.000000  0.000000  1.234143  1.228286 

DIM 6/8 [10 x 10]:
   0.000000  0.412346  0.858113  0.858813  0.936438  1.025602  1.033477  0.815586  0.406380  0.000000 
   0.000000  0.000000  0.625463  0.636097  0.700091  0.603092  0.515309  0.559040  0.425093  0.007520 
   0.000000  0.294674  0.709495  0.933501  0.878489  0.843107  0.784520  1.016647  1.259879  0.490001 
   1.499990  2.195081  2.961442  3.083282  2.989761  2.952343  2.939045  2.878919  2.951663  1.122337 
   1.109954  1.814393  2.486238  2.932720  3.033845  3.363801  3.995879  4.239429  3.968823  1.509318 
   0.000000  0.000000  0.082709  0.323418  0.165910  1.192483  2.403338  3.606438  2.866115  0.716860 
   0.000000  0.000000  0.014315  0.000000  0.350188  1.835333  2.869098  3.464717  1.670440  0.226603 
   0.000000  0.000000  0.000000  0.000000  1.371115  2.659938  3.478641  2.603397  0.590538  0.178968 
   0.000000  0.000000  0.000000  0.164508  1.899203  3.136391  3.332873  1.389377  0.171614  0.000000 
   0.000000  0.000000  0.000000  1.385808  3.074661  3.895844  2.574483  0.585880  0.160418  0.000000 

DIM 7/8 [10 x 10]:
   0.005405  0.000000  0.000000  0.150108  0.000000  0.000000  0.000000  0.000000  0.000000  0.000000 
   0.000000  0.233694  0.877498  0.639374  0.465071  0.351099  0.255368  0.082333  0.234691  0.595812 
   0.158278  1.366469  2.072577  2.397556  2.605983  2.732574  2.545227  2.131080  1.979007  1.450852 
   0.804433  1.508120  2.269545  2.370692  2.572241  2.430147  1.801809  2.410017  2.804415  1.880710 
   0.470724  0.907699  1.531735  1.960028  2.425291  1.576982  2.134952  3.802461  3.911764  2.136923 
   0.000000  0.000000  0.000000  0.127740  0.000000  0.000000  1.780042  3.437006  3.138336  1.038303 
   0.000000  0.000000  0.000000  0.090032  0.000000  0.156457  2.888768  3.512179  2.179407  0.044944 
   0.000000  0.000000  0.140281  0.000000  0.000000  2.288246  3.339684  2.939403  0.814740  0.000000 
   0.000000  0.033196  0.000000  0.000000  0.940286  3.345351  3.423131  1.924944  0.000000  0.000000 
   0.000000  0.000000  0.000000  0.328142  2.902610  3.828332  2.887694  0.556785  0.000000  0.000000 

DIM 8/8 [10 x 10]:
   0.000000  0.000000  0.000000  0.000000  0.000000  0.000000  0.000000  0.000000  0.000000  0.000000 
   0.000000  0.000000  0.000000  0.000000  0.000000  0.000000  0.000000  0.000000  0.000000  0.145961 
   0.482379  1.531353  0.575985  0.000000  0.003274  0.264889  0.000000  0.000000  0.000000  0.000000 
   1.795352  3.256145  4.060373  3.875537  4.160104  3.300631  0.737849  0.266733  0.000000  0.000000 
   0.000000  0.518381  1.228452  1.902064  2.249521  0.657300  0.823521  2.207395  1.112671  0.450804 
   0.000000  0.000000  0.000000  0.000000  0.000000  0.000000  1.219091  1.559939  0.948107  0.000000 
   0.000000  0.000000  0.000000  0.000000  0.000000  0.000000  1.892558  1.219858  0.584820  0.000000 
   0.000000  0.000000  0.000000  0.000000  0.000000  1.200869  1.080127  0.816976  0.000000  0.000000 
   0.000000  0.000000  0.000000  0.000000  1.140031  2.112472  1.026157  0.525555  0.000000  0.000000 
   0.000000  0.000000  0.000000  0.000000  1.613296  1.274226  0.769913  0.000000  0.000000  0.000000 
================================================================================
max_pooling2d (MaxPooling2D) [3 x 3 x 8]:

DIM 1/8 [3 x 3]:
   1.228052  2.056609  2.105892 
   0.000000  0.000000  3.930959 
   0.000000  1.594081  3.628428 

DIM 2/8 [3 x 3]:
   1.416934  1.573858  1.198176 
   1.601340  3.525616  4.358996 
   0.169713  3.632205  1.993947 

DIM 3/8 [3 x 3]:
   3.689447  4.662755  4.703223 
   3.380135  3.658694  0.000000 
   0.452536  0.404562  0.000000 

DIM 4/8 [3 x 3]:
   4.794221  5.374895  5.265186 
   0.000000  0.000000  2.312573 
   0.000000  0.519732  0.675852 

DIM 5/8 [3 x 3]:
   3.742998  2.850637  2.518734 
   1.228286  5.597233  2.109449 
   1.228286  6.776492  0.977993 

DIM 6/8 [3 x 3]:
   0.858113  1.025602  1.259879 
   2.961442  3.363801  4.239429 
   0.014315  3.136391  3.478641 

DIM 7/8 [3 x 3]:
   2.072577  2.732574  2.545227 
   2.269545  2.572241  3.911764 
   0.140281  3.345351  3.512179 

DIM 8/8 [3 x 3]:
   1.531353  0.264889  0.000000 
   4.060373  4.160104  2.207395 
   0.000000  2.112472  1.892558 
================================================================================
flatten (Flatten) [1 x 72]:
   1.228052  1.416934  3.689447  4.794221  3.742998  0.858113  2.072577  1.531353  2.056609  1.573858  4.662755  5.374895  2.850637  1.025602  2.732574  0.264889  2.105892  1.198176  4.703223  5.265186  2.518734  1.259879  2.545227  0.000000  0.000000  1.601340  3.380135  0.000000  1.228286  2.961442  2.269545  4.060373  0.000000  3.525616  3.658694  0.000000  5.597233  3.363801  2.572241  4.160104  3.930959  4.358996  0.000000  2.312573  2.109449  4.239429  3.911764  2.207395  0.000000  0.169713  0.452536  0.000000  1.228286  0.014315  0.140281  0.000000  1.594081  3.632205  0.404562  0.519732  6.776492  3.136391  3.345351  2.112472  3.628428  1.993947  0.000000  0.675852  0.977993  3.478641  3.512179  1.892558 
================================================================================
dense (Dense) [1 x 16]:
   0.000000  0.000000  0.000000  5.661117  2.184113  0.000000  1.789503  0.000000  7.134291  0.000000  0.000000  6.086856  0.000000  4.165952 12.007898 11.734073 
================================================================================
dense_1 (Dense) [1 x 10]:
   0.000000  0.000013  0.000086  0.000187  0.000000  0.000000  0.000000  0.999539  0.000080  0.000095 
