================================================================================
separable_conv2d (SeparableConv2D) [12 x 12 x 8]:

DIM 1/8 [12 x 12]:
   0.437853  0.437853  0.437853  0.558208  0.552267  0.381026  0.437853  0.468601  0.479821  0.435445  0.431839  0.437853 
   0.437853  0.437853  0.439610  0.711136  0.622578  0.204086  0.437853  0.527116  0.667595  0.516438  0.349511  0.437853 
   0.437853  0.437853  0.590567  0.445956  0.079796  0.000000  0.437853  0.456924  0.522722  0.287405  0.206360  0.437853 
   0.437853  0.474750  0.761601  0.000000  0.000000  0.000000  0.437853  0.468147  0.202982  0.000000  0.000000  0.437853 
   0.437853  0.596009  0.347260  0.000000  0.000000  0.096186  0.510769  0.520337  0.000000  0.000000  0.009586  0.437853 
   0.437853  0.483622  0.000000  0.000000  0.000000  0.409616  0.590397  0.135177  0.000000  0.000000  0.171070  0.437853 
   0.437853  0.096410  0.000000  0.182303  0.407412  0.911579  0.791969  0.000000  0.000000  0.000000  0.402690  0.437853 
   0.437853  0.016120  0.000000  0.000000  0.000000  0.000000  0.000000  0.000000  0.000000  0.000000  0.437853  0.437853 
   0.437853  0.279172  0.000000  0.000000  0.000000  0.000000  0.000000  0.000000  0.000000  0.000000  0.437853  0.437853 
   0.437853  0.437853  0.400828  0.284862  0.195500  0.259043  0.000000  0.000000  0.000000  0.000000  0.437853  0.437853 
   0.437853  0.437853  0.437853  0.437853  0.437853  0.437853  0.000000  0.000000  0.000000  0.074982  0.437853  0.437853 
   0.437853  0.437853  0.437853  0.437853  0.437853  0.437853  0.000000  0.000000  0.000000  0.248716  0.437853  0.437853 

DIM 2/8 [12 x 12]:
   0.000000  0.000000  0.000000  0.000000  0.000000  0.048137  0.000000  0.000000  0.000000  0.000929  0.004057  0.000000 
   0.000000  0.000000  0.000000  0.000000  0.000000  0.201633  0.000000  0.000000  0.000000  0.000000  0.075476  0.000000 
   0.000000  0.000000  0.000000  0.000000  0.309456  0.414493  0.000000  0.000000  0.000000  0.129354  0.199660  0.000000 
   0.000000  0.000000  0.000000  0.482076  0.847921  0.508953  0.000000  0.000000  0.202591  0.552451  0.388008  0.000000 
   0.000000  0.000000  0.077429  0.829869  0.776326  0.295237  0.000000  0.000000  0.558352  0.897501  0.370363  0.000000 
   0.000000  0.000000  0.596981  0.781474  0.634656  0.023335  0.000000  0.261412  0.880415  0.908847  0.230275  0.000000 
   0.000000  0.295043  0.482853  0.220530  0.025248  0.000000  0.000000  0.619648  0.946680  0.756005  0.029344  0.000000 
   0.000000  0.364694  0.745933  0.902214  0.708958  0.587856  0.717205  0.947898  0.997720  0.599572  0.000000  0.000000 
   0.000000  0.136496  0.674225  0.995963  1.274343  1.229337  1.206456  1.195573  1.100890  0.501657  0.000000  0.000000 
   0.000000  0.000000  0.030959  0.131560  0.209082  0.153958  0.438582  0.726275  1.040269  0.432228  0.000000  0.000000 
   0.000000  0.000000  0.000000  0.000000  0.000000  0.000000  0.593490  1.047515  0.979653  0.313632  0.000000  0.000000 
   0.000000  0.000000  0.000000  0.000000  0.000000  0.000000  0.613691  0.733876  0.613882  0.162917  0.000000  0.000000 

DIM 3/8 [12 x 12]:
   0.703891  0.703891  0.703891  0.453175  0.465551  0.822270  0.703891  0.639839  0.616465  0.708908  0.716420  0.703891 
   0.703891  0.703891  0.700230  0.134603  0.319082  1.190862  0.703891  0.517945  0.225305  0.540188  0.887920  0.703891 
   0.703891  0.703891  0.385766  0.687012  1.449777  1.702004  0.703891  0.664163  0.527096  1.017297  1.186124  0.703891 
   0.703891  0.627029  0.029477  1.864293  2.742801  1.928832  0.703891  0.640784  1.193162  2.033285  1.638407  0.703891 
   0.703891  0.374430  0.892610  2.699452  2.570880  1.415633  0.551997  0.532065  2.047455  2.861859  1.596034  0.703891 
   0.703891  0.608548  2.140216  2.583242  2.230685  0.762713  0.386121  1.334410  2.820830  2.889104  1.259640  0.703891 
   0.703891  1.415167  1.866158  1.236239  0.767305  0.000000  0.000000  2.194647  2.979953  2.522084  0.777141  0.703891 
   0.703891  1.582423  2.497897  2.873176  2.409108  2.118304  2.428911  2.982877  3.102516  2.146437  0.703891  0.703891 
   0.703891  1.034447  2.325703  3.098297  3.766774  3.658702  3.603758  3.577623  3.350259  1.911313  0.703891  0.703891 
   0.703891  0.703891  0.781020  1.022594  1.208749  1.076378  1.759851  2.450691  3.204690  1.744593  0.703891  0.703891 
   0.703891  0.703891  0.703891  0.703891  0.703891  0.703891  2.131833  3.222089  3.059130  1.459806  0.703891  0.703891 
   0.703891  0.703891  0.703891  0.703891  0.703891  0.703891  2.180343  2.468943  2.180800  1.097891  0.703891  0.703891 

DIM 4/8 [12 x 12]:
   0.510028  0.510028  0.510028  0.699198  0.689860  0.420708  0.510028  0.558356  0.575992  0.506243  0.500575  0.510028 
   0.510028  0.510028  0.512790  0.939568  0.800374  0.142598  0.510028  0.650328  0.871130  0.633545  0.371174  0.510028 
   0.510028  0.510028  0.750060  0.522763  0.000000  0.000000  0.510028  0.540003  0.643423  0.273556  0.146173  0.510028 
   0.510028  0.568022  1.018887  0.000000  0.000000  0.000000  0.510028  0.557643  0.140863  0.000000  0.000000  0.510028 
   0.510028  0.758613  0.367636  0.000000  0.000000  0.000000  0.624635  0.639674  0.000000  0.000000  0.000000  0.510028 
   0.510028  0.581966  0.000000  0.000000  0.000000  0.465645  0.749792  0.034288  0.000000  0.000000  0.090703  0.510028 
   0.510028  0.000000  0.000000  0.108360  0.462181  1.254619  1.066619  0.000000  0.000000  0.000000  0.454759  0.510028 
   0.510028  0.000000  0.000000  0.000000  0.000000  0.000000  0.000000  0.000000  0.000000  0.000000  0.510028  0.510028 
   0.510028  0.260617  0.000000  0.000000  0.000000  0.000000  0.000000  0.000000  0.000000  0.000000  0.510028  0.510028 
   0.510028  0.510028  0.451832  0.269560  0.129102  0.228979  0.000000  0.000000  0.000000  0.000000  0.510028  0.510028 
   0.510028  0.510028  0.510028  0.510028  0.510028  0.510028  0.000000  0.000000  0.000000  0.000000  0.510028  0.510028 
   0.510028  0.510028  0.510028  0.510028  0.510028  0.510028  0.000000  0.000000  0.000000  0.212746  0.510028  0.510028 

DIM 5/8 [12 x 12]:
   0.550792  0.550792  0.550792  0.761493  0.751092  0.451306  0.550792  0.604621  0.624264  0.546575  0.540262  0.550792 
   0.550792  0.550792  0.553868  1.029222  0.874185  0.141541  0.550792  0.707061  0.952995  0.688367  0.396133  0.550792 
   0.550792  0.550792  0.818144  0.564977  0.000000  0.000000  0.550792  0.584179  0.699370  0.287405  0.145522  0.550792 
   0.550792  0.615387  1.117570  0.000000  0.000000  0.000000  0.550792  0.603827  0.139608  0.000000  0.000000  0.550792 
   0.550792  0.827671  0.392192  0.000000  0.000000  0.000000  0.678443  0.695194  0.000000  0.000000  0.000000  0.550792 
   0.550792  0.630918  0.000000  0.000000  0.000000  0.501357  0.817846  0.020903  0.000000  0.000000  0.083739  0.550792 
   0.550792  0.000000  0.000000  0.103406  0.497499  1.380132  1.170735  0.000000  0.000000  0.000000  0.489232  0.550792 
   0.550792  0.000000  0.000000  0.000000  0.000000  0.000000  0.000000  0.000000  0.000000  0.000000  0.550792  0.550792 
   0.550792  0.272992  0.000000  0.000000  0.000000  0.000000  0.000000  0.000000  0.000000  0.000000  0.550792  0.550792 
   0.550792  0.550792  0.485972  0.282953  0.126508  0.237753  0.000000  0.000000  0.000000  0.000000  0.550792  0.550792 
   0.550792  0.550792  0.550792  0.550792  0.550792  0.550792  0.000000  0.000000  0.000000  0.000000  0.550792  0.550792 
   0.550792  0.550792  0.550792  0.550792  0.550792  0.550792  0.000000  0.000000  0.000000  0.219673  0.550792  0.550792 

DIM 6/8 [12 x 12]:
   0.078053  0.078053  0.078053  0.000000  0.000000  0.173389  0.078053  0.026469  0.007645  0.082093  0.088143  0.078053 
   0.078053  0.078053  0.075105  0.000000  0.000000  0.470234  0.078053  0.000000  0.000000  0.000000  0.226260  0.078053 
   0.078053  0.078053  0.000000  0.064460  0.678751  0.881881  0.078053  0.046058  0.000000  0.330454  0.466418  0.078053 
   0.078053  0.016152  0.000000  1.012580  1.720084  1.064556  0.078053  0.027230  0.472086  1.148677  0.830663  0.078053 
   0.078053  0.000000  0.230037  1.685173  1.581628  0.651253  0.000000  0.000000  1.160089  1.815967  0.796538  0.078053 
   0.078053  0.001268  1.234794  1.591584  1.307653  0.125425  0.000000  0.585840  1.782924  1.837909  0.525624  0.078053 
   0.078053  0.650877  1.014082  0.506778  0.129123  0.000000  0.000000  1.278630  1.911073  1.542330  0.137045  0.078053 
   0.078053  0.785576  1.522851  1.825081  1.451345  1.217147  1.467294  1.913428  2.009779  1.239804  0.078053  0.078053 
   0.078053  0.344265  1.384175  2.006382  2.544739  2.457703  2.413453  2.392406  2.209298  1.050447  0.078053  0.078053 
   0.078053  0.078053  0.140169  0.334720  0.484639  0.378034  0.928468  1.484834  2.092065  0.916180  0.078053  0.078053 
   0.078053  0.078053  0.078053  0.078053  0.078053  0.078053  1.228043  2.106078  1.974839  0.686827  0.078053  0.078053 
   0.078053  0.078053  0.078053  0.078053  0.078053  0.078053  1.267110  1.499533  1.267478  0.395360  0.078053  0.078053 

DIM 7/8 [12 x 12]:
   0.262251  0.262251  0.262251  0.493426  0.482014  0.153099  0.262251  0.321311  0.342863  0.257625  0.250699  0.262251 
   0.262251  0.262251  0.265626  0.787168  0.617067  0.000000  0.262251  0.433704  0.703534  0.413194  0.092566  0.262251 
   0.262251  0.262251  0.555580  0.277814  0.000000  0.000000  0.262251  0.298883  0.425266  0.000000  0.000000  0.262251 
   0.262251  0.333122  0.884100  0.000000  0.000000  0.000000  0.262251  0.320439  0.000000  0.000000  0.000000  0.262251 
   0.262251  0.566033  0.088242  0.000000  0.000000  0.000000  0.402306  0.420684  0.000000  0.000000  0.000000  0.262251 
   0.262251  0.350163  0.000000  0.000000  0.000000  0.208014  0.555253  0.000000  0.000000  0.000000  0.000000  0.262251 
   0.262251  0.000000  0.000000  0.000000  0.203780  1.172174  0.942430  0.000000  0.000000  0.000000  0.194710  0.262251 
   0.262251  0.000000  0.000000  0.000000  0.000000  0.000000  0.000000  0.000000  0.000000  0.000000  0.262251  0.262251 
   0.262251  0.000000  0.000000  0.000000  0.000000  0.000000  0.000000  0.000000  0.000000  0.000000  0.262251  0.262251 
   0.262251  0.262251  0.191133  0.000000  0.000000  0.000000  0.000000  0.000000  0.000000  0.000000  0.262251  0.262251 
   0.262251  0.262251  0.262251  0.262251  0.262251  0.262251  0.000000  0.000000  0.000000  0.000000  0.262251  0.262251 
   0.262251  0.262251  0.262251  0.262251  0.262251  0.262251  0.000000  0.000000  0.000000  0.000000  0.262251  0.262251 

DIM 8/8 [12 x 12]:
   0.127093  0.127093  0.127093  0.016403  0.021867  0.179357  0.127093  0.098815  0.088495  0.129308  0.132625  0.127093 
   0.127093  0.127093  0.125477  0.000000  0.000000  0.342089  0.127093  0.044999  0.000000  0.054819  0.208342  0.127093 
   0.127093  0.127093  0.000000  0.119641  0.456400  0.567757  0.127093  0.109554  0.049039  0.265461  0.339998  0.127093 
   0.127093  0.093159  0.000000  0.639407  1.027265  0.667901  0.127093  0.099232  0.343105  0.714016  0.539679  0.127093 
   0.127093  0.000000  0.210412  1.008127  0.951363  0.441325  0.060033  0.051233  0.720272  1.079829  0.520971  0.127093 
   0.127093  0.085000  0.761226  0.956821  0.801168  0.153063  0.000000  0.405466  1.061715  1.091858  0.372455  0.127093 
   0.127093  0.441119  0.640230  0.362123  0.155090  0.000000  0.000000  0.785257  1.131967  0.929819  0.159433  0.127093 
   0.127093  0.514962  0.919141  1.084825  0.879941  0.751552  0.888684  1.133258  1.186078  0.763972  0.127093  0.127093 
   0.127093  0.273033  0.843118  1.184215  1.479346  1.431632  1.407375  1.395836  1.295456  0.660166  0.127093  0.127093 
   0.127093  0.127093  0.161146  0.267800  0.349987  0.291545  0.593296  0.898300  1.231187  0.586560  0.127093  0.127093 
   0.127093  0.127093  0.127093  0.127093  0.127093  0.127093  0.757525  1.238869  1.166924  0.460827  0.127093  0.127093 
   0.127093  0.127093  0.127093  0.127093  0.127093  0.127093  0.778942  0.906358  0.779144  0.301043  0.127093  0.127093 
================================================================================
separable_conv2d_1 (SeparableConv2D) [10 x 10 x 8]:

DIM 1/8 [10 x 10]:
   0.000000  0.000000  0.000000  0.000000  0.000000  0.000000  0.000000  0.000000  0.000000  0.000000 
   0.000000  0.000000  0.000000  0.000000  2.542629  0.419049  0.000000  0.000000  0.000000  1.140170 
   0.000000  0.000000  0.000000  1.732111  3.470048  0.000000  0.000000  0.000000  1.353539  3.144840 
   0.000000  0.000000  0.000000  2.785205  2.643337  0.000000  0.000000  0.000000  2.880280  3.658890 
   0.000000  0.000000  0.306358  0.792193  0.000000  0.000000  0.000000  0.714663  3.577771  2.699032 
   0.000000  2.051420  3.972117  5.018822  2.539271  0.000000  0.000000  2.412719  4.341778  1.604861 
   0.000000  0.112412  2.949711  4.210360  1.982412  0.000000  1.814407  3.735141  4.750394  0.701659 
   0.000000  0.000000  0.000000  0.000000  0.000000  0.000000  1.587008  3.775677  4.634485  0.373990 
   0.000000  0.000000  0.000000  0.000000  0.000000  0.000000  1.767775  3.756492  4.236746  0.046688 
   0.000000  0.000000  0.000000  0.000000  0.000000  0.000000  0.992210  3.290852  3.261694  0.000000 

DIM 2/8 [10 x 10]:
   0.084727  0.000000  0.349964  1.071464  0.012848  0.000000  0.000000  0.313906  0.864267  0.073138 
   0.000000  0.655338  1.965086  1.089575  0.000000  0.000000  0.000000  0.643558  0.678965  0.000000 
   0.000000  1.984270  2.624032  1.346444  0.000000  0.000000  1.154009  2.306363  1.451064  0.021124 
   0.660312  2.279907  1.797266  0.744234  0.000000  0.362729  2.526792  2.890647  1.427098  0.000000 
   1.550628  1.257091  0.532596  0.000000  0.087371  2.327159  3.276702  2.306269  0.807815  0.000000 
   1.787016  1.488801  1.675016  1.271468  1.378837  2.784223  3.133233  2.241805  0.387613  0.072897 
   2.174441  2.784596  2.866004  2.308201  1.697010  1.992192  2.653474  2.084422  0.184674  0.000000 
   1.364064  1.779956  1.867313  1.495304  1.468729  1.967661  2.438668  1.636793  0.078279  0.000000 
   0.545922  0.788639  0.895805  0.739627  1.835819  3.054011  3.280760  1.806006  0.030722  0.000000 
   0.196245  0.333792  0.591285  0.714155  2.319868  3.055293  2.168116  0.799639  0.000000  0.000000 

DIM 3/8 [10 x 10]:
   0.219086  0.000000  0.000000  0.000000  0.000000  0.000000  0.000000  0.000000  0.000000  0.000000 
   0.407255  0.000000  0.000000  0.000000  0.000000  0.000000  0.000000  0.000000  0.000000  0.000000 
   0.000000  0.000000  0.000000  0.000000  0.000000  0.000000  0.000000  0.000000  0.000000  0.000000 
   0.000000  0.000000  0.000000  0.000000  0.000000  0.000000  0.000000  0.000000  0.000000  0.000000 
   0.000000  0.000000  0.210012  1.404716  1.748634  1.670312  0.000000  0.000000  0.000000  0.000000 
   0.000000  0.000000  0.000000  0.000000  0.000000  0.000000  0.000000  0.000000  0.000000  0.000000 
   0.739414  0.000000  0.000000  0.000000  0.000000  0.000000  0.000000  0.000000  0.000000  0.000000 
   2.794512  3.092187  1.810076  1.063901  0.342123  0.000000  0.000000  0.000000  0.000000  0.000000 
   2.026500  3.043303  3.376815  3.127600  1.584256  0.000000  0.000000  0.000000  0.000000  0.000000 
   0.074018  0.635024  1.480752  1.665320  1.099471  0.000000  0.000000  0.000000  0.000000  0.000000 

DIM 4/8 [10 x 10]:
   0.000000  0.000000  0.497404  0.074379  0.200416  0.441877  0.000000  0.000000  0.000000  0.000000 
   0.000000  0.000000  0.930286  1.261762  1.547055  0.758918  0.009184  0.596565  0.835031  1.103113 
   0.000000  0.020373  0.000000  0.942183  1.337601  0.220890  0.000000  0.640413  1.797305  1.840165 
   0.640427  0.000000  0.000000  0.476615  0.393947  0.435719  0.074107  0.279749  1.526806  1.682784 
   0.000000  0.000000  0.000000  0.000000  0.000000  0.000000  0.000000  0.169289  1.076306  0.990698 
   0.000000  1.850829  3.489292  4.658165  4.937023  1.660246  0.000000  0.971585  1.505858  0.971254 
   0.000000  0.476340  3.483603  5.638572  4.842819  2.432785  1.818545  1.987458  2.092151  0.847413 
   0.000000  0.000000  0.000000  0.000000  0.000000  0.000000  0.000000  1.629485  2.220949  0.674761 
   0.000000  0.000000  0.000000  0.000000  0.000000  0.000000  0.483405  1.384631  1.938932  0.471778 
   0.000000  0.000000  0.000000  0.000000  0.000000  0.000000  0.000000  0.601666  1.225047  0.070842 

DIM 5/8 [10 x 10]:
   0.973986  0.500165  2.740971  3.741353  0.032735  0.194976  0.882155  2.029728  2.489400  0.946241 
   0.356219  2.275115  4.783085  2.114532  0.000000  0.156108  1.806208  3.624734  2.264683  0.000000 
   0.715342  5.065784  2.987355  0.000000  0.000000  0.044399  2.941895  3.631043  0.692338  0.000000 
   2.820196  4.974046  0.481815  0.000000  0.000000  1.591501  4.564970  1.980976  0.000000  0.000000 
   4.379721  1.615323  0.000000  0.000000  0.000000  4.053819  4.388811  0.646459  0.000000  0.000000 
   2.865600  0.000000  0.000000  0.000000  1.910691  4.543726  1.510671  0.000000  0.000000  0.000000 
   1.757964  1.429276  0.790172  1.219304  2.804979  2.829914  0.270315  0.000000  0.000000  0.000000 
   1.151999  0.646331  0.573653  0.000000  0.087727  0.439348  0.000000  0.000000  0.000000  0.172526 
   0.773457  0.000000  0.000000  0.000000  0.497131  0.962020  0.270649  0.000000  0.000000  0.363350 
   1.223618  1.087464  0.697721  0.420969  2.959158  2.072670  0.109704  0.000000  0.000000  0.757819 

DIM 6/8 [10 x 10]:
   0.000000  0.000000  0.000000  0.385437  0.254351  0.000000  0.000000  0.000000  0.289206  0.008801 
   0.000000  0.000000  0.539859  0.957488  0.603991  0.000000  0.000000  0.000000  0.374837  0.097858 
   0.000000  0.304526  1.759510  2.001148  1.270603  0.000000  0.177280  0.897622  1.284853  0.723676 
   0.000000  1.065493  2.240629  2.850776  1.360927  0.000000  0.790760  1.839948  2.618070  1.338249 
   0.199907  1.072813  2.011217  2.292471  0.937371  0.993782  1.615371  2.353116  3.184911  1.301575 
   0.978968  1.898079  2.522065  1.497668  0.326076  1.513480  2.666055  3.251237  2.974235  0.823675 
   1.557371  2.194131  2.236374  1.231852  1.011444  1.879771  3.058222  3.797473  2.397031  0.284445 
   1.323267  2.271446  2.705205  2.719531  2.524911  2.795587  3.432344  3.761121  2.076286  0.110006 
   0.648095  1.591774  2.398483  2.739534  2.919210  3.452018  3.829756  4.037798  1.858760  0.000000 
   0.017544  0.228155  0.535610  0.686547  1.200518  2.223346  2.889803  3.285898  1.396544  0.000000 

DIM 7/8 [10 x 10]:
   0.000000  0.000000  0.000000  0.000000  0.929895  0.297824  0.000000  0.000000  0.000000  0.253471 
   0.096005  0.000000  0.000000  1.186774  1.741101  0.392152  0.000000  0.000000  0.500318  0.938619 
   0.000000  0.000000  0.926951  2.014531  2.089757  0.388604  0.000000  0.000000  1.352231  1.544396 
   0.000000  0.000000  2.251361  2.856473  2.155364  0.000000  0.000000  1.261680  2.484432  2.066957 
   0.000000  0.999311  2.176365  2.685701  1.025582  0.000000  0.000000  2.236748  3.240782  1.878172 
   0.133166  1.847406  2.330421  1.926726  0.265878  0.192710  1.992949  2.906631  3.337839  1.148956 
   0.568242  1.535129  2.017371  1.789130  1.927759  2.294054  3.076624  3.464069  3.074562  0.656330 
   0.435811  1.356840  1.990565  2.316000  2.137735  2.243789  2.986711  3.498156  2.792290  0.520083 
   0.000000  0.685296  1.431513  1.995601  1.697357  2.209401  3.242759  3.763374  2.565139  0.358152 
   0.000000  0.000000  0.000000  0.058025  0.000000  1.054494  2.542625  3.214425  2.075796  0.138617 

DIM 8/8 [10 x 10]:
   0.000000  0.000000  0.000000  0.000000  0.271457  0.000000  0.000000  0.000000  0.000000  0.000000 
   0.000000  0.000000  0.000000  0.124648  0.213259  0.000000  0.000000  0.000000  0.000000  0.000000 
   0.000000  0.000000  0.124536  0.331123  0.266913  0.000000  0.000000  0.000000  0.000000  0.000000 
   0.000000  0.000000  1.643342  0.799969  0.657604  0.000000  0.000000  0.039446  0.000000  0.003736 
   0.000000  1.811379  2.423306  1.802654  0.000000  0.000000  0.000000  1.169816  0.565311  0.102798 
   0.000000  0.000000  0.000000  0.000000  0.000000  0.000000  0.560825  0.735522  0.467856  0.000000 
   0.397044  0.121957  0.000000  0.000000  0.000000  0.580919  0.561879  0.245647  0.225007  0.000000 
   1.040766  2.575296  3.238431  3.349204  2.843746  2.263590  1.712708  0.525274  0.039370  0.000000 
   0.000000  0.382293  1.411801  1.840142  1.338192  0.905385  1.392446  0.841828  0.145337  0.000000 
   0.000000  0.000000  0.000000  0.000000  0.000000  0.575622  1.871616  1.017854  0.250899  0.000000 
================================================================================
max_pooling2d (MaxPooling2D) [3 x 3 x 8]:

DIM 1/8 [3 x 3]:
   0.000000  3.470048  1.353539 
   3.972117  5.018822  4.341778 
   2.949711  4.210360  4.750394 

DIM 2/8 [3 x 3]:
   2.624032  1.346444  2.306363 
   2.279907  2.784223  3.276702 
   2.866004  3.054011  3.280760 

DIM 3/8 [3 x 3]:
   0.407255  0.000000  0.000000 
   0.210012  1.748634  0.000000 
   3.376815  3.127600  0.000000 

DIM 4/8 [3 x 3]:
   0.930286  1.547055  1.797305 
   3.489292  4.937023  1.526806 
   3.483603  5.638572  2.220949 

DIM 5/8 [3 x 3]:
   5.065784  3.741353  3.631043 
   4.974046  4.543726  4.564970 
   1.757964  2.829914  0.270649 

DIM 6/8 [3 x 3]:
   1.759510  2.001148  1.284853 
   2.522065  2.850776  3.251237 
   2.705205  3.452018  4.037798 

DIM 7/8 [3 x 3]:
   0.926951  2.089757  1.352231 
   2.330421  2.856473  3.337839 
   2.017371  2.316000  3.763374 

DIM 8/8 [3 x 3]:
   0.124536  0.331123  0.000000 
   2.423306  1.802654  1.169816 
   3.238431  3.349204  1.712708 
================================================================================
flatten (Flatten) [1 x 72]:
   0.000000  2.624032  0.407255  0.930286  5.065784  1.759510  0.926951  0.124536  3.470048  1.346444  0.000000  1.547055  3.741353  2.001148  2.089757  0.331123  1.353539  2.306363  0.000000  1.797305  3.631043  1.284853  1.352231  0.000000  3.972117  2.279907  0.210012  3.489292  4.974046  2.522065  2.330421  2.423306  5.018822  2.784223  1.748634  4.937023  4.543726  2.850776  2.856473  1.802654  4.341778  3.276702  0.000000  1.526806  4.564970  3.251237  3.337839  1.169816  2.949711  2.866004  3.376815  3.483603  1.757964  2.705205  2.017371  3.238431  4.210360  3.054011  3.127600  5.638572  2.829914  3.452018  2.316000  3.349204  4.750394  3.280760  0.000000  2.220949  0.270649  4.037798  3.763374  1.712708 
================================================================================
dense (Dense) [1 x 16]:
   0.000000  0.000000  0.000000  4.911260  7.563165 13.412758  8.552451  0.000000  0.333060  0.000000  0.000000 10.871008 12.202027  1.122671  5.089564  5.145894 
================================================================================
dense_1 (Dense) [1 x 10]:
   0.000000  0.000001  0.000000  0.000000  0.999528  0.000001  0.000004  0.000001  0.000038  0.000426 
